30-0-70
29-3-68
28-6-66
27-9-64
26-12-62
25-15-60
24-18-58
23-21-56
22-24-54
21-27-52
20-30-50
19-33-48
18-36-46
17-39-44
16-42-42
15-45-40
14-48-38
13-51-36
12-54-34
11-57-32
10-60-30
9-63-28
8-66-26
7-69-24
6-72-22
5-75-20
4-78-18
3-81-16
2-84-14
1-87-12
0-90-10

