66-2-32
65-5-30
64-8-28
63-11-26
62-14-24
61-17-22
60-20-20
59-23-18
58-26-16
57-29-14
56-32-12
55-35-10
54-38-8
53-41-6
52-44-4
51-47-2
50-50-0

