16-2-82
15-5-80
14-8-78
13-11-76
12-14-74
11-17-72
10-20-70
9-23-68
8-26-66
7-29-64
6-32-62
5-35-60
4-38-58
3-41-56
2-44-54
1-47-52
0-50-50

