23-1-76
22-4-74
21-7-72
20-10-70
19-13-68
18-16-66
17-19-64
16-22-62
15-25-60
14-28-58
13-31-56
12-34-54
11-37-52
10-40-50
9-43-48
8-46-46
7-49-44
6-52-42
5-55-40
4-58-38
3-61-36
2-64-34
1-67-32
0-70-30

