20-0-80
19-3-78
18-6-76
17-9-74
16-12-72
15-15-70
14-18-68
13-21-66
12-24-64
11-27-62
10-30-60
9-33-58
8-36-56
7-39-54
6-42-52
5-45-50
4-48-48
3-51-46
2-54-44
1-57-42
0-60-40

