26-2-72
25-5-70
24-8-68
23-11-66
22-14-64
21-17-62
20-20-60
19-23-58
18-26-56
17-29-54
16-32-52
15-35-50
14-38-48
13-41-46
12-44-44
11-47-42
10-50-40
9-53-38
8-56-36
7-59-34
6-62-32
5-65-30
4-68-28
3-71-26
2-74-24
1-77-22
0-80-20

