33-1-66
32-4-64
31-7-62
30-10-60
29-13-58
28-16-56
27-19-54
26-22-52
25-25-50
24-28-48
23-31-46
22-34-44
21-37-42
20-40-40
19-43-38
18-46-36
17-49-34
16-52-32
15-55-30
14-58-28
13-61-26
12-64-24
11-67-22
10-70-20
9-73-18
8-76-16
7-79-14
6-82-12
5-85-10
4-88-8
3-91-6
2-94-4
1-97-2
0-100-0

