50-0-50
49-3-48
48-6-46
47-9-44
46-12-42
45-15-40
44-18-38
43-21-36
42-24-34
41-27-32
40-30-30
39-33-28
38-36-26
37-39-24
36-42-22
35-45-20
34-48-18
33-51-16
32-54-14
31-57-12
30-60-10
29-63-8
28-66-6
27-69-4
26-72-2
25-75-0

